%!PS-Adobe-3.0 EPSF-3.0 
%%BoundingBox: 0 0 794 595
%%Pages: 0
%%Creator: Sun Microsystems, Inc.
%%Title: none
%%CreationDate: none
%%LanguageLevel: 2
%%EndComments
%%BeginProlog
%%BeginResource: procset SDRes-Prolog 1.0 0
/b4_inc_state save def
/dict_count countdictstack def
/op_count count 1 sub def
userdict begin
0 setgray 0 setlinecap 1 setlinewidth 0 setlinejoin 10 setmiterlimit[] 0 setdash newpath
/languagelevel where {pop languagelevel 1 ne {false setstrokeadjust false setoverprint} if} if
/bdef {bind def} bind def
/c {setgray} bdef
/l {neg lineto} bdef
/rl {neg rlineto} bdef
/lc {setlinecap} bdef
/lj {setlinejoin} bdef
/lw {setlinewidth} bdef
/ml {setmiterlimit} bdef
/ld {setdash} bdef
/m {neg moveto} bdef
/ct {6 2 roll neg 6 2 roll neg 6 2 roll neg curveto} bdef
/r {rotate} bdef
/t {neg translate} bdef
/s {scale} bdef
/sw {show} bdef
/gs {gsave} bdef
/gr {grestore} bdef
/f {findfont dup length dict begin
{1 index /FID ne {def} {pop pop} ifelse} forall /Encoding ISOLatin1Encoding def
currentdict end /NFont exch definefont pop /NFont findfont} bdef
/p {closepath} bdef
/sf {scalefont setfont} bdef
/ef {eofill}bdef
/pc {closepath stroke}bdef
/ps {stroke}bdef
/pum {matrix currentmatrix}bdef
/pom {setmatrix}bdef
/bs {/aString exch def /nXOfs exch def /nWidth exch def currentpoint nXOfs 0 rmoveto pum nWidth aString stringwidth pop div 1 scale aString show pom moveto} bdef
%%EndResource
%%EndProlog
%%BeginSetup
%%EndSetup
%%Page: 1 1
%%BeginPageSetup
%%EndPageSetup
pum
0.02835 0.02833 s 
0 -21000 t
/tm matrix currentmatrix def
gs
0 0 m 27999 0 l 27999 20999 l 0 20999 l 0 0 l eoclip newpath
gs
0 0 m 27999 0 l 27999 20999 l 0 20999 l 0 0 l eoclip newpath

pum
1400 19567 t
pom

pum
13952 19567 t
pom
0.797 c 5357 9677 m  5982 9882 l  4846 10458 l  4268 9323 l  4895 9527 l 
4939 9403 l  4990 9280 l  5046 9160 l  5109 9043 l  5177 8930 l  5251 8820 l 
5330 8714 l  5414 8612 l  5504 8515 l  5599 8422 l  5697 8333 l  5801 8251 l 
5908 8172 l  6020 8100 l  6134 8033 l  6251 7973 l  6372 7918 l  6495 7870 l 
6621 7827 l  6748 7791 l  6877 7761 l  7008 7738 l  7139 7721 l  7271 7712 l 
7404 7709 l  7537 7712 l  7669 7722 l  7800 7739 l  7930 7762 l  8059 7792 l 
8187 7827 l  8313 7870 l  8436 7919 l  8556 7974 l  8675 8035 l  8788 8102 l 
8900 8175 l  9007 8253 l  9110 8336 l  9209 8424 l  9304 8517 l  9393 8615 l 
9477 8717 l  9557 8823 l  9631 8933 l  9699 9046 l  9762 9164 l  9818 9283 l 
9868 9405 l  9913 9531 l  9951 9657 l  9982 9786 l  10007 9916 l  10026 10047 l 
10038 10180 l  10043 10312 l  9560 10318 l  9556 10210 l  9546 10102 l 
9532 9995 l  9511 9888 l  9486 9784 l  9454 9679 l  9418 9578 l  9377 9477 l 
9331 9379 l  9280 9284 l  9224 9191 l  9164 9102 l  9099 9015 l  9030 8931 l 
8957 8851 l  8880 8775 l  8799 8703 l  8715 8636 l  8627 8572 l  8537 8512 l 
8443 8458 l  8347 8408 l  8249 8363 l  8148 8323 l  8045 8289 l  7941 8260 l 
7836 8235 l  7729 8215 l  7622 8203 l  7514 8194 l  7406 8191 l  7298 8194 l 
7189 8202 l  7082 8215 l  6975 8235 l  6870 8259 l  6765 8288 l  6664 8323 l 
6562 8363 l  6464 8408 l  6368 8457 l  6275 8511 l  6184 8571 l  6096 8634 l 
6012 8702 l  5931 8774 l  5855 8850 l  5781 8930 l  5712 9013 l  5648 9100 l 
5587 9190 l  5531 9282 l  5480 9377 l  5434 9475 l  5392 9576 l  5357 9677 l 
p
10993 9328 m  10993 9328 l  p
3815 11364 m  3815 11364 l  p ef
0 lw 1 lj 0.000 c 5357 9677 m  5392 9576 l  5434 9475 l  5480 9377 l  5531 9282 l 
5587 9190 l  5648 9100 l  5712 9013 l  5781 8930 l  5855 8850 l  5931 8774 l 
6012 8702 l  6096 8634 l  6184 8571 l  6275 8511 l  6368 8457 l  6464 8408 l 
6562 8363 l  6664 8323 l  6765 8288 l  6870 8259 l  6975 8235 l  7082 8215 l 
7189 8202 l  7298 8194 l  7406 8191 l  7514 8194 l  7622 8203 l  7729 8215 l 
7836 8235 l  7941 8260 l  8045 8289 l  8148 8323 l  8249 8363 l  8347 8408 l 
8443 8458 l  8537 8512 l  8627 8572 l  8715 8636 l  8799 8703 l  8880 8775 l 
8957 8851 l  9030 8931 l  9099 9015 l  9164 9102 l  9224 9191 l  9280 9284 l 
9331 9379 l  9377 9477 l  9418 9578 l  9454 9679 l  9486 9784 l  9511 9888 l 
9532 9995 l  9546 10102 l  9556 10210 l  9560 10318 l  10043 10312 l  10038 10180 l 
10026 10047 l  10007 9916 l  9982 9786 l  9951 9657 l  9913 9531 l  9868 9405 l 
9818 9283 l  9762 9164 l  9699 9046 l  9631 8933 l  9557 8823 l  9477 8717 l 
9393 8615 l  9304 8517 l  9209 8424 l  9110 8336 l  9007 8253 l  8900 8175 l 
8788 8102 l  8675 8035 l  8556 7974 l  8436 7919 l  8313 7870 l  8187 7827 l 
8059 7792 l  7930 7762 l  7800 7739 l  7669 7722 l  7537 7712 l  7404 7709 l 
7271 7712 l  7139 7721 l  7008 7738 l  6877 7761 l  6748 7791 l  6621 7827 l 
6495 7870 l  6372 7918 l  6251 7973 l  6134 8033 l  6020 8100 l  5908 8172 l 
5801 8251 l  5697 8333 l  5599 8422 l  5504 8515 l  5414 8612 l  5330 8714 l 
5251 8820 l  5177 8930 l  5109 9043 l  5046 9160 l  4990 9280 l  4939 9403 l 
4895 9527 l  4268 9323 l  4846 10458 l  5982 9882 l  5357 9677 l  pc
10993 9328 m  10993 9328 l  pc
3815 11364 m  3815 11364 l  pc
0.797 c 9387 11321 m  8760 11117 l  9895 10540 l  10472 11676 l  9845 11471 l 
9801 11597 l  9751 11719 l  9695 11838 l  9632 11955 l  9564 12069 l  9490 12179 l 
9410 12284 l  9326 12386 l  9236 12484 l  9142 12577 l  9044 12665 l  8940 12748 l 
8834 12826 l  8722 12898 l  8608 12965 l  8490 13025 l  8370 13081 l  8247 13129 l 
8121 13172 l  7994 13207 l  7865 13237 l  7734 13261 l  7603 13277 l  7471 13287 l 
7339 13290 l  7206 13287 l  7074 13278 l  6943 13260 l  6812 13237 l  6683 13207 l 
6555 13171 l  6430 13129 l  6307 13080 l  6187 13025 l  6068 12964 l  5955 12897 l 
5844 12825 l  5736 12748 l  5633 12664 l  5535 12576 l  5440 12483 l  5350 12385 l 
5266 12283 l  5187 12177 l  5113 12068 l  5045 11954 l  4982 11838 l  4926 11718 l 
4875 11595 l  4831 11471 l  4793 11343 l  4762 11215 l  4737 11085 l  4719 10953 l 
4706 10822 l  4701 10689 l  5183 10682 l  5187 10791 l  5197 10898 l  5213 11006 l 
5233 11112 l  5259 11217 l  5289 11321 l  5326 11423 l  5366 11523 l  5413 11621 l 
5464 11716 l  5520 11809 l  5580 11899 l  5644 11986 l  5713 12069 l  5787 12149 l 
5863 12225 l  5945 12297 l  6029 12365 l  6117 12428 l  6207 12487 l  6300 12542 l 
6397 12592 l  6495 12636 l  6596 12677 l  6698 12711 l  6803 12741 l  6909 12765 l 
7015 12784 l  7122 12797 l  7230 12806 l  7338 12808 l  7447 12805 l  7555 12798 l 
7662 12784 l  7769 12765 l  7874 12741 l  7978 12711 l  8080 12676 l  8181 12637 l 
8280 12592 l  8376 12542 l  8469 12488 l  8560 12429 l  8647 12365 l  8732 12298 l 
8813 12225 l  8890 12149 l  8963 12069 l  9032 11986 l  9097 11900 l  9156 11810 l 
9212 11717 l  9264 11621 l  9310 11523 l  9351 11424 l  9387 11321 l  p
3751 11672 m  3751 11672 l  p
10926 9635 m  10926 9635 l  p ef
0.000 c 9387 11321 m  9351 11424 l  9310 11523 l  9264 11621 l  9212 11717 l 
9156 11810 l  9097 11900 l  9032 11986 l  8963 12069 l  8890 12149 l  8813 12225 l 
8732 12298 l  8647 12365 l  8560 12429 l  8469 12488 l  8376 12542 l  8280 12592 l 
8181 12637 l  8080 12676 l  7978 12711 l  7874 12741 l  7769 12765 l  7662 12784 l 
7555 12798 l  7447 12805 l  7338 12808 l  7230 12806 l  7122 12797 l  7015 12784 l 
6909 12765 l  6803 12741 l  6698 12711 l  6596 12677 l  6495 12636 l  6397 12592 l 
6300 12542 l  6207 12487 l  6117 12428 l  6029 12365 l  5945 12297 l  5863 12225 l 
5787 12149 l  5713 12069 l  5644 11986 l  5580 11899 l  5520 11809 l  5464 11716 l 
5413 11621 l  5366 11523 l  5326 11423 l  5289 11321 l  5259 11217 l  5233 11112 l 
5213 11006 l  5197 10898 l  5187 10791 l  5183 10682 l  4701 10689 l  4706 10822 l 
4719 10953 l  4737 11085 l  4762 11215 l  4793 11343 l  4831 11471 l  4875 11595 l 
4926 11718 l  4982 11838 l  5045 11954 l  5113 12068 l  5187 12177 l  5266 12283 l 
5350 12385 l  5440 12483 l  5535 12576 l  5633 12664 l  5736 12748 l  5844 12825 l 
5955 12897 l  6068 12964 l  6187 13025 l  6307 13080 l  6430 13129 l  6555 13171 l 
6683 13207 l  6812 13237 l  6943 13260 l  7074 13278 l  7206 13287 l  7339 13290 l 
7471 13287 l  7603 13277 l  7734 13261 l  7865 13237 l  7994 13207 l  8121 13172 l 
8247 13129 l  8370 13081 l  8490 13025 l  8608 12965 l  8722 12898 l  8834 12826 l 
8940 12748 l  9044 12665 l  9142 12577 l  9236 12484 l  9326 12386 l  9410 12284 l 
9490 12179 l  9564 12069 l  9632 11955 l  9695 11838 l  9751 11719 l  9801 11597 l 
9845 11471 l  10472 11676 l  9895 10540 l  8760 11117 l  9387 11321 l 
pc
3751 11672 m  3751 11672 l  pc
10926 9635 m  10926 9635 l  pc
0.797 c 11984 11322 m  12019 11423 l  12061 11524 l  12107 11622 l  12158 11717 l 
12214 11809 l  12275 11899 l  12339 11986 l  12408 12069 l  12482 12149 l 
12558 12225 l  12639 12297 l  12723 12365 l  12811 12428 l  12902 12488 l 
12995 12542 l  13091 12591 l  13189 12636 l  13291 12676 l  13392 12711 l 
13497 12740 l  13602 12764 l  13709 12784 l  13816 12797 l  13925 12805 l 
14033 12808 l  14141 12805 l  14249 12796 l  14356 12784 l  14463 12764 l 
14568 12739 l  14672 12710 l  14775 12676 l  14876 12636 l  14974 12591 l 
15070 12541 l  15164 12487 l  15254 12427 l  15342 12363 l  15426 12296 l 
15507 12224 l  15584 12148 l  15657 12068 l  15726 11984 l  15791 11897 l 
15851 11808 l  15907 11715 l  15958 11620 l  16004 11522 l  16045 11421 l 
16081 11320 l  16113 11215 l  16138 11111 l  16159 11004 l  16173 10897 l 
16183 10789 l  16187 10681 l  16670 10687 l  16665 10819 l  16653 10952 l 
16634 11083 l  16609 11213 l  16578 11342 l  16540 11468 l  16495 11594 l 
16445 11716 l  16389 11835 l  16326 11953 l  16258 12066 l  16184 12176 l 
16104 12282 l  16020 12384 l  15931 12482 l  15836 12575 l  15737 12663 l 
15634 12746 l  15527 12824 l  15415 12897 l  15302 12964 l  15183 13025 l 
15063 13080 l  14940 13129 l  14814 13172 l  14686 13207 l  14557 13237 l 
14427 13260 l  14296 13277 l  14164 13287 l  14031 13290 l  13898 13287 l 
13766 13278 l  13635 13261 l  13504 13238 l  13375 13208 l  13248 13172 l 
13122 13129 l  12999 13081 l  12878 13026 l  12761 12966 l  12647 12899 l 
12535 12827 l  12428 12748 l  12324 12666 l  12226 12577 l  12131 12484 l 
12041 12387 l  11957 12285 l  11878 12179 l  11804 12069 l  11736 11956 l 
11673 11839 l  11617 11719 l  11566 11596 l  11522 11472 l  10895 11676 l 
11473 10541 l  12609 11117 l  11984 11322 l  p
17620 11671 m  17620 11671 l  p
10442 9635 m  10442 9635 l  p ef
0.000 c 11984 11322 m  12019 11423 l  12061 11524 l  12107 11622 l  12158 11717 l 
12214 11809 l  12275 11899 l  12339 11986 l  12408 12069 l  12482 12149 l 
12558 12225 l  12639 12297 l  12723 12365 l  12811 12428 l  12902 12488 l 
12995 12542 l  13091 12591 l  13189 12636 l  13291 12676 l  13392 12711 l 
13497 12740 l  13602 12764 l  13709 12784 l  13816 12797 l  13925 12805 l 
14033 12808 l  14141 12805 l  14249 12796 l  14356 12784 l  14463 12764 l 
14568 12739 l  14672 12710 l  14775 12676 l  14876 12636 l  14974 12591 l 
15070 12541 l  15164 12487 l  15254 12427 l  15342 12363 l  15426 12296 l 
15507 12224 l  15584 12148 l  15657 12068 l  15726 11984 l  15791 11897 l 
15851 11808 l  15907 11715 l  15958 11620 l  16004 11522 l  16045 11421 l 
16081 11320 l  16113 11215 l  16138 11111 l  16159 11004 l  16173 10897 l 
16183 10789 l  16187 10681 l  16670 10687 l  16665 10819 l  16653 10952 l 
16634 11083 l  16609 11213 l  16578 11342 l  16540 11468 l  16495 11594 l 
16445 11716 l  16389 11835 l  16326 11953 l  16258 12066 l  16184 12176 l 
16104 12282 l  16020 12384 l  15931 12482 l  15836 12575 l  15737 12663 l 
15634 12746 l  15527 12824 l  15415 12897 l  15302 12964 l  15183 13025 l 
15063 13080 l  14940 13129 l  14814 13172 l  14686 13207 l  14557 13237 l 
14427 13260 l  14296 13277 l  14164 13287 l  14031 13290 l  13898 13287 l 
13766 13278 l  13635 13261 l  13504 13238 l  13375 13208 l  13248 13172 l 
13122 13129 l  12999 13081 l  12878 13026 l  12761 12966 l  12647 12899 l 
12535 12827 l  12428 12748 l  12324 12666 l  12226 12577 l  12131 12484 l 
12041 12387 l  11957 12285 l  11878 12179 l  11804 12069 l  11736 11956 l 
11673 11839 l  11617 11719 l  11566 11596 l  11522 11472 l  10895 11676 l 
11473 10541 l  12609 11117 l  11984 11322 l  pc
17620 11671 m  17620 11671 l  pc
10442 9635 m  10442 9635 l  pc
0.797 c 16013 9678 m  15977 9576 l  15936 9476 l  15889 9378 l  15838 9283 l 
15782 9190 l  15722 9100 l  15657 9014 l  15588 8930 l  15515 8851 l  15438 8774 l 
15358 8702 l  15273 8635 l  15186 8571 l  15095 8512 l  15002 8458 l  14905 8408 l 
14807 8364 l  14706 8324 l  14604 8289 l  14499 8259 l  14394 8235 l  14287 8216 l 
14180 8202 l  14072 8194 l  13964 8191 l  13856 8194 l  13749 8202 l  13641 8216 l 
13534 8235 l  13429 8259 l  13325 8289 l  13222 8323 l  13122 8363 l  13023 8408 l 
12927 8458 l  12834 8512 l  12743 8572 l  12655 8636 l  12572 8703 l  12490 8775 l 
12413 8851 l  12340 8931 l  12271 9015 l  12207 9101 l  12146 9191 l  12090 9284 l 
12039 9379 l  11993 9477 l  11953 9577 l  11917 9678 l  11885 9783 l  11860 9887 l 
11839 9994 l  11825 10101 l  11815 10209 l  11811 10317 l  11328 10311 l 
11333 10179 l  11345 10046 l  11364 9916 l  11389 9785 l  11420 9656 l 
11458 9530 l  11502 9405 l  11553 9283 l  11610 9163 l  11671 9046 l  11740 8932 l 
11814 8822 l  11893 8716 l  11978 8614 l  12067 8516 l  12161 8423 l  12260 8335 l 
12364 8252 l  12471 8174 l  12582 8102 l  12696 8035 l  12814 7974 l  12935 7919 l 
13057 7870 l  13183 7828 l  13310 7792 l  13440 7762 l  13570 7739 l  13702 7722 l 
13834 7712 l  13966 7709 l  14098 7712 l  14231 7722 l  14362 7738 l  14492 7762 l 
14622 7791 l  14749 7828 l  14874 7870 l  14997 7918 l  15119 7973 l  15236 8034 l 
15351 8100 l  15461 8173 l  15569 8251 l  15672 8334 l  15771 8423 l  15865 8516 l 
15955 8613 l  16039 8715 l  16119 8821 l  16193 8931 l  16260 9044 l  16323 9161 l 
16380 9281 l  16430 9404 l  16474 9528 l  17100 9324 l  16523 10459 l 
15387 9882 l  16013 9678 l  p
10378 9327 m  10378 9327 l  p
17554 11365 m  17554 11365 l  p ef
0.000 c 16013 9678 m  15977 9576 l  15936 9476 l  15889 9378 l  15838 9283 l 
15782 9190 l  15722 9100 l  15657 9014 l  15588 8930 l  15515 8851 l  15438 8774 l 
15358 8702 l  15273 8635 l  15186 8571 l  15095 8512 l  15002 8458 l  14905 8408 l 
14807 8364 l  14706 8324 l  14604 8289 l  14499 8259 l  14394 8235 l  14287 8216 l 
14180 8202 l  14072 8194 l  13964 8191 l  13856 8194 l  13749 8202 l  13641 8216 l 
13534 8235 l  13429 8259 l  13325 8289 l  13222 8323 l  13122 8363 l  13023 8408 l 
12927 8458 l  12834 8512 l  12743 8572 l  12655 8636 l  12572 8703 l  12490 8775 l 
12413 8851 l  12340 8931 l  12271 9015 l  12207 9101 l  12146 9191 l  12090 9284 l 
12039 9379 l  11993 9477 l  11953 9577 l  11917 9678 l  11885 9783 l  11860 9887 l 
11839 9994 l  11825 10101 l  11815 10209 l  11811 10317 l  11328 10311 l 
11333 10179 l  11345 10046 l  11364 9916 l  11389 9785 l  11420 9656 l 
11458 9530 l  11502 9405 l  11553 9283 l  11610 9163 l  11671 9046 l  11740 8932 l 
11814 8822 l  11893 8716 l  11978 8614 l  12067 8516 l  12161 8423 l  12260 8335 l 
12364 8252 l  12471 8174 l  12582 8102 l  12696 8035 l  12814 7974 l  12935 7919 l 
13057 7870 l  13183 7828 l  13310 7792 l  13440 7762 l  13570 7739 l  13702 7722 l 
13834 7712 l  13966 7709 l  14098 7712 l  14231 7722 l  14362 7738 l  14492 7762 l 
14622 7791 l  14749 7828 l  14874 7870 l  14997 7918 l  15119 7973 l  15236 8034 l 
15351 8100 l  15461 8173 l  15569 8251 l  15672 8334 l  15771 8423 l  15865 8516 l 
15955 8613 l  16039 8715 l  16119 8821 l  16193 8931 l  16260 9044 l  16323 9161 l 
16380 9281 l  16430 9404 l  16474 9528 l  17100 9324 l  16523 10459 l 
15387 9882 l  16013 9678 l  pc
10378 9327 m  10378 9327 l  pc
17554 11365 m  17554 11365 l  pc
0.797 c 5355 4957 m  5391 5060 l  5432 5160 l  5479 5258 l  5530 5353 l 
5586 5446 l  5646 5535 l  5711 5622 l  5780 5706 l  5853 5785 l  5930 5862 l 
6010 5934 l  6095 6002 l  6183 6065 l  6274 6125 l  6367 6179 l  6463 6228 l 
6561 6273 l  6663 6313 l  6764 6348 l  6869 6377 l  6974 6401 l  7081 6421 l 
7188 6434 l  7296 6441 l  7404 6444 l  7513 6442 l  7621 6433 l  7728 6421 l 
7835 6401 l  7940 6376 l  8044 6347 l  8147 6313 l  8248 6273 l  8346 6228 l 
8442 6178 l  8536 6124 l  8626 6064 l  8714 6001 l  8798 5933 l  8879 5861 l 
8956 5785 l  9029 5705 l  9098 5621 l  9163 5534 l  9223 5445 l  9279 5352 l 
9330 5257 l  9376 5158 l  9417 5058 l  9453 4957 l  9484 4853 l  9510 4748 l 
9531 4641 l  9545 4534 l  9555 4426 l  9558 4318 l  10042 4324 l  10037 4456 l 
10025 4589 l  10006 4720 l  9981 4850 l  9950 4979 l  9912 5105 l  9867 5231 l 
9817 5353 l  9761 5472 l  9698 5590 l  9630 5703 l  9556 5813 l  9476 5919 l 
9392 6021 l  9303 6119 l  9208 6212 l  9109 6300 l  9006 6383 l  8899 6461 l 
8787 6534 l  8674 6601 l  8555 6662 l  8435 6717 l  8312 6766 l  8186 6809 l 
8058 6844 l  7929 6874 l  7799 6897 l  7668 6914 l  7536 6924 l  7403 6927 l 
7270 6924 l  7138 6915 l  7007 6898 l  6876 6875 l  6747 6845 l  6620 6809 l 
6494 6766 l  6371 6718 l  6250 6663 l  6133 6603 l  6019 6536 l  5907 6464 l 
5800 6385 l  5696 6303 l  5598 6214 l  5503 6121 l  5413 6024 l  5329 5922 l 
5250 5816 l  5176 5706 l  5108 5593 l  5045 5476 l  4989 5356 l  4938 5233 l 
4894 5109 l  4267 5313 l  4845 4177 l  5981 4754 l  5355 4957 l  p
10992 5308 m  10992 5308 l  p
3813 3272 m  3813 3272 l  p ef
0.000 c 5355 4957 m  5391 5060 l  5432 5160 l  5479 5258 l  5530 5353 l 
5586 5446 l  5646 5535 l  5711 5622 l  5780 5706 l  5853 5785 l  5930 5862 l 
6010 5934 l  6095 6002 l  6183 6065 l  6274 6125 l  6367 6179 l  6463 6228 l 
6561 6273 l  6663 6313 l  6764 6348 l  6869 6377 l  6974 6401 l  7081 6421 l 
7188 6434 l  7296 6441 l  7404 6444 l  7513 6442 l  7621 6433 l  7728 6421 l 
7835 6401 l  7940 6376 l  8044 6347 l  8147 6313 l  8248 6273 l  8346 6228 l 
8442 6178 l  8536 6124 l  8626 6064 l  8714 6001 l  8798 5933 l  8879 5861 l 
8956 5785 l  9029 5705 l  9098 5621 l  9163 5534 l  9223 5445 l  9279 5352 l 
9330 5257 l  9376 5158 l  9417 5058 l  9453 4957 l  9484 4853 l  9510 4748 l 
9531 4641 l  9545 4534 l  9555 4426 l  9558 4318 l  10042 4324 l  10037 4456 l 
10025 4589 l  10006 4720 l  9981 4850 l  9950 4979 l  9912 5105 l  9867 5231 l 
9817 5353 l  9761 5472 l  9698 5590 l  9630 5703 l  9556 5813 l  9476 5919 l 
9392 6021 l  9303 6119 l  9208 6212 l  9109 6300 l  9006 6383 l  8899 6461 l 
8787 6534 l  8674 6601 l  8555 6662 l  8435 6717 l  8312 6766 l  8186 6809 l 
8058 6844 l  7929 6874 l  7799 6897 l  7668 6914 l  7536 6924 l  7403 6927 l 
7270 6924 l  7138 6915 l  7007 6898 l  6876 6875 l  6747 6845 l  6620 6809 l 
6494 6766 l  6371 6718 l  6250 6663 l  6133 6603 l  6019 6536 l  5907 6464 l 
5800 6385 l  5696 6303 l  5598 6214 l  5503 6121 l  5413 6024 l  5329 5922 l 
5250 5816 l  5176 5706 l  5108 5593 l  5045 5476 l  4989 5356 l  4938 5233 l 
4894 5109 l  4267 5313 l  4845 4177 l  5981 4754 l  5355 4957 l  pc
10992 5308 m  10992 5308 l  pc
3813 3272 m  3813 3272 l  pc
0.797 c 9385 3316 m  9349 3214 l  9308 3114 l  9262 3016 l  9211 2921 l 
9155 2828 l  9094 2738 l  9030 2652 l  8960 2568 l  8887 2488 l  8810 2412 l 
8730 2340 l  8645 2272 l  8558 2208 l  8467 2149 l  8374 2095 l  8277 2045 l 
8179 2001 l  8079 1960 l  7976 1926 l  7871 1896 l  7766 1872 l  7659 1853 l 
7552 1839 l  7445 1832 l  7337 1829 l  7228 1831 l  7121 1839 l  7013 1853 l 
6906 1872 l  6801 1896 l  6697 1926 l  6594 1960 l  6494 2000 l  6395 2045 l 
6299 2095 l  6206 2149 l  6115 2209 l  6028 2271 l  5944 2340 l  5862 2412 l 
5785 2488 l  5712 2568 l  5644 2651 l  5579 2738 l  5518 2828 l  5463 2920 l 
5412 3015 l  5366 3113 l  5325 3214 l  5289 3315 l  5257 3420 l  5232 3524 l 
5211 3631 l  5197 3739 l  5187 3846 l  5183 3954 l  4700 3948 l  4705 3816 l 
4717 3683 l  4736 3553 l  4761 3422 l  4792 3293 l  4830 3167 l  4874 3042 l 
4925 2920 l  4982 2800 l  5043 2683 l  5112 2569 l  5186 2459 l  5265 2353 l 
5350 2251 l  5439 2153 l  5533 2060 l  5632 1972 l  5736 1889 l  5843 1811 l 
5954 1739 l  6068 1672 l  6186 1611 l  6307 1556 l  6429 1507 l  6555 1465 l 
6682 1429 l  6812 1399 l  6942 1376 l  7074 1359 l  7206 1349 l  7338 1346 l 
7470 1349 l  7603 1359 l  7734 1375 l  7864 1399 l  7994 1428 l  8121 1465 l 
8246 1507 l  8369 1555 l  8491 1610 l  8608 1671 l  8723 1737 l  8833 1810 l 
8941 1888 l  9044 1971 l  9143 2060 l  9237 2153 l  9327 2250 l  9411 2352 l 
9491 2458 l  9565 2568 l  9632 2681 l  9695 2798 l  9752 2918 l  9802 3041 l 
9846 3165 l  10472 2961 l  9895 4097 l  8760 3520 l  9385 3316 l  p
3750 2964 m  3750 2964 l  p
10927 5003 m  10927 5003 l  p ef
0.000 c 9385 3316 m  9349 3214 l  9308 3114 l  9262 3016 l  9211 2921 l 
9155 2828 l  9094 2738 l  9030 2652 l  8960 2568 l  8887 2488 l  8810 2412 l 
8730 2340 l  8645 2272 l  8558 2208 l  8467 2149 l  8374 2095 l  8277 2045 l 
8179 2001 l  8079 1960 l  7976 1926 l  7871 1896 l  7766 1872 l  7659 1853 l 
7552 1839 l  7445 1832 l  7337 1829 l  7228 1831 l  7121 1839 l  7013 1853 l 
6906 1872 l  6801 1896 l  6697 1926 l  6594 1960 l  6494 2000 l  6395 2045 l 
6299 2095 l  6206 2149 l  6115 2209 l  6028 2271 l  5944 2340 l  5862 2412 l 
5785 2488 l  5712 2568 l  5644 2651 l  5579 2738 l  5518 2828 l  5463 2920 l 
5412 3015 l  5366 3113 l  5325 3214 l  5289 3315 l  5257 3420 l  5232 3524 l 
5211 3631 l  5197 3739 l  5187 3846 l  5183 3954 l  4700 3948 l  4705 3816 l 
4717 3683 l  4736 3553 l  4761 3422 l  4792 3293 l  4830 3167 l  4874 3042 l 
4925 2920 l  4982 2800 l  5043 2683 l  5112 2569 l  5186 2459 l  5265 2353 l 
5350 2251 l  5439 2153 l  5533 2060 l  5632 1972 l  5736 1889 l  5843 1811 l 
5954 1739 l  6068 1672 l  6186 1611 l  6307 1556 l  6429 1507 l  6555 1465 l 
6682 1429 l  6812 1399 l  6942 1376 l  7074 1359 l  7206 1349 l  7338 1346 l 
7470 1349 l  7603 1359 l  7734 1375 l  7864 1399 l  7994 1428 l  8121 1465 l 
8246 1507 l  8369 1555 l  8491 1610 l  8608 1671 l  8723 1737 l  8833 1810 l 
8941 1888 l  9044 1971 l  9143 2060 l  9237 2153 l  9327 2250 l  9411 2352 l 
9491 2458 l  9565 2568 l  9632 2681 l  9695 2798 l  9752 2918 l  9802 3041 l 
9846 3165 l  10472 2961 l  9895 4097 l  8760 3520 l  9385 3316 l  pc
3750 2964 m  3750 2964 l  pc
10927 5003 m  10927 5003 l  pc
0.797 c 11985 3314 m  12610 3519 l  11474 4095 l  10896 2960 l  11523 3164 l 
11567 3040 l  11618 2917 l  11674 2797 l  11737 2680 l  11805 2567 l  11879 2457 l 
11958 2351 l  12042 2249 l  12132 2152 l  12227 2059 l  12325 1970 l  12429 1888 l 
12536 1809 l  12648 1737 l  12762 1670 l  12879 1610 l  13000 1555 l  13123 1507 l 
13249 1464 l  13376 1428 l  13505 1398 l  13636 1375 l  13767 1358 l  13899 1349 l 
14032 1346 l  14165 1349 l  14297 1359 l  14428 1376 l  14558 1399 l  14687 1429 l 
14815 1464 l  14941 1507 l  15064 1556 l  15184 1611 l  15303 1672 l  15416 1739 l 
15528 1812 l  15635 1890 l  15738 1973 l  15837 2061 l  15932 2154 l  16021 2252 l 
16105 2354 l  16185 2460 l  16259 2570 l  16327 2683 l  16390 2801 l  16446 2920 l 
16496 3042 l  16541 3168 l  16579 3294 l  16610 3423 l  16635 3553 l  16654 3684 l 
16666 3817 l  16671 3949 l  16188 3955 l  16184 3847 l  16174 3739 l  16160 3632 l 
16139 3525 l  16114 3421 l  16082 3316 l  16046 3215 l  16005 3114 l  15959 3016 l 
15908 2921 l  15852 2828 l  15792 2739 l  15727 2652 l  15658 2568 l  15585 2488 l 
15508 2412 l  15427 2340 l  15343 2273 l  15255 2209 l  15165 2149 l  15071 2095 l 
14975 2045 l  14877 2000 l  14776 1960 l  14673 1926 l  14569 1897 l  14464 1872 l 
14357 1852 l  14250 1840 l  14142 1831 l  14034 1828 l  13926 1831 l  13817 1839 l 
13710 1852 l  13603 1872 l  13498 1896 l  13393 1925 l  13292 1960 l  13190 2000 l 
13092 2045 l  12996 2094 l  12903 2148 l  12812 2208 l  12724 2271 l  12640 2339 l 
12559 2411 l  12483 2487 l  12409 2567 l  12340 2650 l  12276 2737 l  12215 2827 l 
12159 2919 l  12108 3014 l  12062 3112 l  12020 3213 l  11985 3314 l  p
17621 2965 m  17621 2965 l  p
10443 5001 m  10443 5001 l  p ef
0.000 c 11985 3314 m  12020 3213 l  12062 3112 l  12108 3014 l  12159 2919 l 
12215 2827 l  12276 2737 l  12340 2650 l  12409 2567 l  12483 2487 l  12559 2411 l 
12640 2339 l  12724 2271 l  12812 2208 l  12903 2148 l  12996 2094 l  13092 2045 l 
13190 2000 l  13292 1960 l  13393 1925 l  13498 1896 l  13603 1872 l  13710 1852 l 
13817 1839 l  13926 1831 l  14034 1828 l  14142 1831 l  14250 1840 l  14357 1852 l 
14464 1872 l  14569 1897 l  14673 1926 l  14776 1960 l  14877 2000 l  14975 2045 l 
15071 2095 l  15165 2149 l  15255 2209 l  15343 2273 l  15427 2340 l  15508 2412 l 
15585 2488 l  15658 2568 l  15727 2652 l  15792 2739 l  15852 2828 l  15908 2921 l 
15959 3016 l  16005 3114 l  16046 3215 l  16082 3316 l  16114 3421 l  16139 3525 l 
16160 3632 l  16174 3739 l  16184 3847 l  16188 3955 l  16671 3949 l  16666 3817 l 
16654 3684 l  16635 3553 l  16610 3423 l  16579 3294 l  16541 3168 l  16496 3042 l 
16446 2920 l  16390 2801 l  16327 2683 l  16259 2570 l  16185 2460 l  16105 2354 l 
16021 2252 l  15932 2154 l  15837 2061 l  15738 1973 l  15635 1890 l  15528 1812 l 
15416 1739 l  15303 1672 l  15184 1611 l  15064 1556 l  14941 1507 l  14815 1464 l 
14687 1429 l  14558 1399 l  14428 1376 l  14297 1359 l  14165 1349 l  14032 1346 l 
13899 1349 l  13767 1358 l  13636 1375 l  13505 1398 l  13376 1428 l  13249 1464 l 
13123 1507 l  13000 1555 l  12879 1610 l  12762 1670 l  12648 1737 l  12536 1809 l 
12429 1888 l  12325 1970 l  12227 2059 l  12132 2152 l  12042 2249 l  11958 2351 l 
11879 2457 l  11805 2567 l  11737 2680 l  11674 2797 l  11618 2917 l  11567 3040 l 
11523 3164 l  10896 2960 l  11474 4095 l  12610 3519 l  11985 3314 l  pc
17621 2965 m  17621 2965 l  pc
10443 5001 m  10443 5001 l  pc
0.797 c 16013 4957 m  15388 4753 l  16523 4176 l  17100 5312 l  16474 5108 l 
16430 5232 l  16380 5355 l  16323 5475 l  16260 5592 l  16193 5705 l  16119 5815 l 
16039 5921 l  15955 6023 l  15865 6120 l  15771 6213 l  15672 6302 l  15569 6385 l 
15461 6463 l  15351 6536 l  15236 6602 l  15119 6663 l  14997 6718 l  14874 6766 l 
14749 6808 l  14622 6845 l  14492 6874 l  14362 6898 l  14231 6914 l  14098 6924 l 
13966 6927 l  13834 6924 l  13702 6914 l  13570 6897 l  13440 6874 l  13310 6844 l 
13183 6808 l  13057 6766 l  12935 6717 l  12814 6662 l  12696 6601 l  12582 6534 l 
12471 6462 l  12364 6384 l  12260 6301 l  12161 6213 l  12067 6120 l  11978 6022 l 
11893 5920 l  11814 5814 l  11740 5704 l  11671 5590 l  11610 5473 l  11553 5353 l 
11502 5231 l  11458 5106 l  11420 4980 l  11389 4851 l  11364 4720 l  11345 4590 l 
11333 4457 l  11328 4325 l  11811 4319 l  11815 4427 l  11825 4534 l  11839 4642 l 
11860 4749 l  11885 4853 l  11917 4958 l  11953 5059 l  11994 5160 l  12040 5258 l 
12091 5353 l  12146 5445 l  12207 5535 l  12272 5622 l  12340 5705 l  12413 5785 l 
12490 5861 l  12572 5933 l  12656 6002 l  12743 6064 l  12834 6124 l  12927 6178 l 
13023 6228 l  13122 6273 l  13222 6313 l  13325 6347 l  13429 6377 l  13534 6401 l 
13641 6420 l  13749 6434 l  13856 6442 l  13965 6444 l  14073 6441 l  14180 6434 l 
14287 6420 l  14394 6401 l  14499 6377 l  14604 6347 l  14707 6313 l  14807 6272 l 
14905 6228 l  15002 6178 l  15095 6124 l  15186 6065 l  15273 6001 l  15358 5933 l 
15438 5861 l  15515 5785 l  15588 5705 l  15658 5621 l  15722 5535 l  15783 5445 l 
15839 5352 l  15890 5257 l  15936 5159 l  15977 5059 l  16013 4957 l  p
10378 5309 m  10378 5309 l  p
17555 3270 m  17555 3270 l  p ef
0.000 c 16013 4957 m  15977 5059 l  15936 5159 l  15890 5257 l  15839 5352 l 
15783 5445 l  15722 5535 l  15658 5621 l  15588 5705 l  15515 5785 l  15438 5861 l 
15358 5933 l  15273 6001 l  15186 6065 l  15095 6124 l  15002 6178 l  14905 6228 l 
14807 6272 l  14707 6313 l  14604 6347 l  14499 6377 l  14394 6401 l  14287 6420 l 
14180 6434 l  14073 6441 l  13965 6444 l  13856 6442 l  13749 6434 l  13641 6420 l 
13534 6401 l  13429 6377 l  13325 6347 l  13222 6313 l  13122 6273 l  13023 6228 l 
12927 6178 l  12834 6124 l  12743 6064 l  12656 6002 l  12572 5933 l  12490 5861 l 
12413 5785 l  12340 5705 l  12272 5622 l  12207 5535 l  12146 5445 l  12091 5353 l 
12040 5258 l  11994 5160 l  11953 5059 l  11917 4958 l  11885 4853 l  11860 4749 l 
11839 4642 l  11825 4534 l  11815 4427 l  11811 4319 l  11328 4325 l  11333 4457 l 
11345 4590 l  11364 4720 l  11389 4851 l  11420 4980 l  11458 5106 l  11502 5231 l 
11553 5353 l  11610 5473 l  11671 5590 l  11740 5704 l  11814 5814 l  11893 5920 l 
11978 6022 l  12067 6120 l  12161 6213 l  12260 6301 l  12364 6384 l  12471 6462 l 
12582 6534 l  12696 6601 l  12814 6662 l  12935 6717 l  13057 6766 l  13183 6808 l 
13310 6844 l  13440 6874 l  13570 6897 l  13702 6914 l  13834 6924 l  13966 6927 l 
14098 6924 l  14231 6914 l  14362 6898 l  14492 6874 l  14622 6845 l  14749 6808 l 
14874 6766 l  14997 6718 l  15119 6663 l  15236 6602 l  15351 6536 l  15461 6463 l 
15569 6385 l  15672 6302 l  15771 6213 l  15865 6120 l  15955 6023 l  16039 5921 l 
16119 5815 l  16193 5705 l  16260 5592 l  16323 5475 l  16380 5355 l  16430 5232 l 
16474 5108 l  17100 5312 l  16523 4176 l  15388 4753 l  16013 4957 l  pc
10378 5309 m  10378 5309 l  pc
17555 3270 m  17555 3270 l  pc
0.797 c 18613 9677 m  19238 9882 l  18102 10458 l  17524 9323 l  18151 9527 l 
18195 9403 l  18246 9280 l  18302 9160 l  18365 9043 l  18433 8930 l  18507 8820 l 
18586 8714 l  18670 8612 l  18760 8515 l  18855 8422 l  18953 8333 l  19057 8251 l 
19164 8172 l  19276 8100 l  19390 8033 l  19507 7973 l  19628 7918 l  19751 7870 l 
19877 7827 l  20004 7791 l  20133 7761 l  20264 7738 l  20395 7721 l  20527 7712 l 
20660 7709 l  20793 7712 l  20925 7722 l  21056 7739 l  21186 7762 l  21315 7792 l 
21443 7827 l  21569 7870 l  21692 7919 l  21812 7974 l  21931 8035 l  22044 8102 l 
22156 8175 l  22263 8253 l  22366 8336 l  22465 8424 l  22560 8517 l  22649 8615 l 
22733 8717 l  22813 8823 l  22887 8933 l  22955 9046 l  23018 9164 l  23074 9283 l 
23124 9405 l  23169 9531 l  23207 9657 l  23238 9786 l  23263 9916 l  23282 10047 l 
23294 10180 l  23299 10312 l  22816 10318 l  22812 10210 l  22802 10102 l 
22788 9995 l  22767 9888 l  22742 9784 l  22710 9679 l  22674 9578 l  22633 9477 l 
22587 9379 l  22536 9284 l  22480 9191 l  22420 9102 l  22355 9015 l  22286 8931 l 
22213 8851 l  22136 8775 l  22055 8703 l  21971 8636 l  21883 8572 l  21793 8512 l 
21699 8458 l  21603 8408 l  21505 8363 l  21404 8323 l  21301 8289 l  21197 8260 l 
21092 8235 l  20985 8215 l  20878 8203 l  20770 8194 l  20662 8191 l  20554 8194 l 
20445 8202 l  20338 8215 l  20231 8235 l  20126 8259 l  20021 8288 l  19920 8323 l 
19818 8363 l  19720 8408 l  19624 8457 l  19531 8511 l  19440 8571 l  19352 8634 l 
19268 8702 l  19187 8774 l  19111 8850 l  19037 8930 l  18968 9013 l  18904 9100 l 
18843 9190 l  18787 9282 l  18736 9377 l  18690 9475 l  18648 9576 l  18613 9677 l 
p
24249 9328 m  24249 9328 l  p
17071 11364 m  17071 11364 l  p ef
0.000 c 18613 9677 m  18648 9576 l  18690 9475 l  18736 9377 l  18787 9282 l 
18843 9190 l  18904 9100 l  18968 9013 l  19037 8930 l  19111 8850 l  19187 8774 l 
19268 8702 l  19352 8634 l  19440 8571 l  19531 8511 l  19624 8457 l  19720 8408 l 
19818 8363 l  19920 8323 l  20021 8288 l  20126 8259 l  20231 8235 l  20338 8215 l 
20445 8202 l  20554 8194 l  20662 8191 l  20770 8194 l  20878 8203 l  20985 8215 l 
21092 8235 l  21197 8260 l  21301 8289 l  21404 8323 l  21505 8363 l  21603 8408 l 
21699 8458 l  21793 8512 l  21883 8572 l  21971 8636 l  22055 8703 l  22136 8775 l 
22213 8851 l  22286 8931 l  22355 9015 l  22420 9102 l  22480 9191 l  22536 9284 l 
22587 9379 l  22633 9477 l  22674 9578 l  22710 9679 l  22742 9784 l  22767 9888 l 
22788 9995 l  22802 10102 l  22812 10210 l  22816 10318 l  23299 10312 l 
23294 10180 l  23282 10047 l  23263 9916 l  23238 9786 l  23207 9657 l 
23169 9531 l  23124 9405 l  23074 9283 l  23018 9164 l  22955 9046 l  22887 8933 l 
22813 8823 l  22733 8717 l  22649 8615 l  22560 8517 l  22465 8424 l  22366 8336 l 
22263 8253 l  22156 8175 l  22044 8102 l  21931 8035 l  21812 7974 l  21692 7919 l 
21569 7870 l  21443 7827 l  21315 7792 l  21186 7762 l  21056 7739 l  20925 7722 l 
20793 7712 l  20660 7709 l  20527 7712 l  20395 7721 l  20264 7738 l  20133 7761 l 
20004 7791 l  19877 7827 l  19751 7870 l  19628 7918 l  19507 7973 l  19390 8033 l 
19276 8100 l  19164 8172 l  19057 8251 l  18953 8333 l  18855 8422 l  18760 8515 l 
18670 8612 l  18586 8714 l  18507 8820 l  18433 8930 l  18365 9043 l  18302 9160 l 
18246 9280 l  18195 9403 l  18151 9527 l  17524 9323 l  18102 10458 l 
19238 9882 l  18613 9677 l  pc
24249 9328 m  24249 9328 l  pc
17071 11364 m  17071 11364 l  pc
0.797 c 22644 11322 m  22016 11118 l  23152 10541 l  23729 11676 l  23102 11471 l 
23058 11596 l  23008 11719 l  22952 11838 l  22889 11956 l  22821 12069 l 
22747 12179 l  22667 12284 l  22583 12386 l  22493 12484 l  22399 12577 l 
22300 12666 l  22197 12748 l  22091 12826 l  21979 12899 l  21864 12966 l 
21747 13026 l  21626 13082 l  21503 13130 l  21378 13172 l  21250 13208 l 
21121 13238 l  20991 13261 l  20860 13278 l  20727 13288 l  20595 13291 l 
20463 13288 l  20331 13278 l  20199 13261 l  20068 13238 l  19939 13208 l 
19812 13172 l  19686 13130 l  19564 13081 l  19443 13026 l  19325 12965 l 
19211 12898 l  19100 12826 l  18992 12749 l  18890 12665 l  18791 12577 l 
18697 12484 l  18607 12386 l  18523 12284 l  18443 12178 l  18370 12068 l 
18301 11955 l  18239 11839 l  18183 11718 l  18132 11596 l  18088 11471 l 
18050 11344 l  18019 11215 l  17993 11086 l  17975 10954 l  17963 10822 l 
17958 10689 l  18440 10683 l  18444 10791 l  18454 10899 l  18468 11006 l 
18489 11113 l  18515 11218 l  18546 11322 l  18582 11423 l  18623 11524 l 
18669 11622 l  18720 11717 l  18776 11810 l  18836 11899 l  18901 11987 l 
18970 12070 l  19043 12150 l  19120 12226 l  19201 12297 l  19286 12366 l 
19373 12429 l  19464 12488 l  19557 12543 l  19653 12593 l  19751 12637 l 
19853 12678 l  19955 12712 l  20059 12741 l  20164 12766 l  20271 12785 l 
20379 12798 l  20486 12806 l  20595 12809 l  20703 12806 l  20811 12799 l 
20918 12785 l  21025 12766 l  21130 12742 l  21235 12712 l  21337 12677 l 
21438 12637 l  21536 12593 l  21632 12543 l  21726 12489 l  21817 12430 l 
21904 12366 l  21988 12299 l  22069 12226 l  22146 12150 l  22219 12070 l 
22288 11987 l  22353 11901 l  22413 11811 l  22469 11718 l  22520 11622 l 
22566 11525 l  22608 11425 l  22644 11322 l  p
17008 11673 m  17008 11673 l  p
24183 9635 m  24183 9635 l  p ef
0.000 c 22644 11322 m  22608 11425 l  22566 11525 l  22520 11622 l  22469 11718 l 
22413 11811 l  22353 11901 l  22288 11987 l  22219 12070 l  22146 12150 l 
22069 12226 l  21988 12299 l  21904 12366 l  21817 12430 l  21726 12489 l 
21632 12543 l  21536 12593 l  21438 12637 l  21337 12677 l  21235 12712 l 
21130 12742 l  21025 12766 l  20918 12785 l  20811 12799 l  20703 12806 l 
20595 12809 l  20486 12806 l  20379 12798 l  20271 12785 l  20164 12766 l 
20059 12741 l  19955 12712 l  19853 12678 l  19751 12637 l  19653 12593 l 
19557 12543 l  19464 12488 l  19373 12429 l  19286 12366 l  19201 12297 l 
19120 12226 l  19043 12150 l  18970 12070 l  18901 11987 l  18836 11899 l 
18776 11810 l  18720 11717 l  18669 11622 l  18623 11524 l  18582 11423 l 
18546 11322 l  18515 11218 l  18489 11113 l  18468 11006 l  18454 10899 l 
18444 10791 l  18440 10683 l  17958 10689 l  17963 10822 l  17975 10954 l 
17993 11086 l  18019 11215 l  18050 11344 l  18088 11471 l  18132 11596 l 
18183 11718 l  18239 11839 l  18301 11955 l  18370 12068 l  18443 12178 l 
18523 12284 l  18607 12386 l  18697 12484 l  18791 12577 l  18890 12665 l 
18992 12749 l  19100 12826 l  19211 12898 l  19325 12965 l  19443 13026 l 
19564 13081 l  19686 13130 l  19812 13172 l  19939 13208 l  20068 13238 l 
20199 13261 l  20331 13278 l  20463 13288 l  20595 13291 l  20727 13288 l 
20860 13278 l  20991 13261 l  21121 13238 l  21250 13208 l  21378 13172 l 
21503 13130 l  21626 13082 l  21747 13026 l  21864 12966 l  21979 12899 l 
22091 12826 l  22197 12748 l  22300 12666 l  22399 12577 l  22493 12484 l 
22583 12386 l  22667 12284 l  22747 12179 l  22821 12069 l  22889 11956 l 
22952 11838 l  23008 11719 l  23058 11596 l  23102 11471 l  23729 11676 l 
23152 10541 l  22016 11118 l  22644 11322 l  pc
17008 11673 m  17008 11673 l  pc
24183 9635 m  24183 9635 l  pc
0.797 c 18613 4959 m  18648 5060 l  18690 5161 l  18736 5259 l  18787 5354 l 
18843 5446 l  18904 5536 l  18968 5623 l  19037 5706 l  19111 5786 l  19187 5862 l 
19268 5934 l  19352 6002 l  19440 6065 l  19531 6125 l  19624 6179 l  19720 6228 l 
19818 6273 l  19920 6313 l  20021 6348 l  20126 6377 l  20231 6401 l  20338 6421 l 
20445 6434 l  20554 6442 l  20662 6445 l  20770 6442 l  20878 6433 l  20985 6421 l 
21092 6401 l  21197 6376 l  21301 6347 l  21404 6313 l  21505 6273 l  21603 6228 l 
21699 6178 l  21793 6124 l  21883 6064 l  21971 6000 l  22055 5933 l  22136 5861 l 
22213 5785 l  22286 5705 l  22355 5621 l  22420 5534 l  22480 5445 l  22536 5352 l 
22587 5257 l  22633 5159 l  22674 5058 l  22710 4957 l  22742 4852 l  22767 4748 l 
22788 4641 l  22802 4534 l  22812 4426 l  22816 4318 l  23299 4324 l  23294 4456 l 
23282 4589 l  23263 4720 l  23238 4850 l  23207 4979 l  23169 5105 l  23124 5231 l 
23074 5353 l  23018 5472 l  22955 5590 l  22887 5703 l  22813 5813 l  22733 5919 l 
22649 6021 l  22560 6119 l  22465 6212 l  22366 6300 l  22263 6383 l  22156 6461 l 
22044 6534 l  21931 6601 l  21812 6662 l  21692 6717 l  21569 6766 l  21443 6809 l 
21315 6844 l  21186 6874 l  21056 6897 l  20925 6914 l  20793 6924 l  20660 6927 l 
20527 6924 l  20395 6915 l  20264 6898 l  20133 6875 l  20004 6845 l  19877 6809 l 
19751 6766 l  19628 6718 l  19507 6663 l  19390 6603 l  19276 6536 l  19164 6464 l 
19057 6385 l  18953 6303 l  18855 6214 l  18760 6121 l  18670 6024 l  18586 5922 l 
18507 5816 l  18433 5706 l  18365 5593 l  18302 5476 l  18246 5356 l  18195 5233 l 
18151 5109 l  17524 5313 l  18102 4178 l  19238 4754 l  18613 4959 l  p
24249 5308 m  24249 5308 l  p
17071 3272 m  17071 3272 l  p ef
0.000 c 18613 4959 m  18648 5060 l  18690 5161 l  18736 5259 l  18787 5354 l 
18843 5446 l  18904 5536 l  18968 5623 l  19037 5706 l  19111 5786 l  19187 5862 l 
19268 5934 l  19352 6002 l  19440 6065 l  19531 6125 l  19624 6179 l  19720 6228 l 
19818 6273 l  19920 6313 l  20021 6348 l  20126 6377 l  20231 6401 l  20338 6421 l 
20445 6434 l  20554 6442 l  20662 6445 l  20770 6442 l  20878 6433 l  20985 6421 l 
21092 6401 l  21197 6376 l  21301 6347 l  21404 6313 l  21505 6273 l  21603 6228 l 
21699 6178 l  21793 6124 l  21883 6064 l  21971 6000 l  22055 5933 l  22136 5861 l 
22213 5785 l  22286 5705 l  22355 5621 l  22420 5534 l  22480 5445 l  22536 5352 l 
22587 5257 l  22633 5159 l  22674 5058 l  22710 4957 l  22742 4852 l  22767 4748 l 
22788 4641 l  22802 4534 l  22812 4426 l  22816 4318 l  23299 4324 l  23294 4456 l 
23282 4589 l  23263 4720 l  23238 4850 l  23207 4979 l  23169 5105 l  23124 5231 l 
23074 5353 l  23018 5472 l  22955 5590 l  22887 5703 l  22813 5813 l  22733 5919 l 
22649 6021 l  22560 6119 l  22465 6212 l  22366 6300 l  22263 6383 l  22156 6461 l 
22044 6534 l  21931 6601 l  21812 6662 l  21692 6717 l  21569 6766 l  21443 6809 l 
21315 6844 l  21186 6874 l  21056 6897 l  20925 6914 l  20793 6924 l  20660 6927 l 
20527 6924 l  20395 6915 l  20264 6898 l  20133 6875 l  20004 6845 l  19877 6809 l 
19751 6766 l  19628 6718 l  19507 6663 l  19390 6603 l  19276 6536 l  19164 6464 l 
19057 6385 l  18953 6303 l  18855 6214 l  18760 6121 l  18670 6024 l  18586 5922 l 
18507 5816 l  18433 5706 l  18365 5593 l  18302 5476 l  18246 5356 l  18195 5233 l 
18151 5109 l  17524 5313 l  18102 4178 l  19238 4754 l  18613 4959 l  pc
24249 5308 m  24249 5308 l  pc
17071 3272 m  17071 3272 l  pc
0.797 c 22641 3316 m  22605 3214 l  22564 3114 l  22518 3016 l  22467 2921 l 
22411 2828 l  22350 2738 l  22286 2652 l  22216 2568 l  22143 2488 l  22066 2412 l 
21986 2340 l  21901 2272 l  21814 2208 l  21723 2149 l  21630 2095 l  21533 2045 l 
21435 2001 l  21335 1960 l  21232 1926 l  21127 1896 l  21022 1872 l  20915 1853 l 
20808 1839 l  20701 1832 l  20593 1829 l  20484 1831 l  20377 1839 l  20269 1853 l 
